width: 1280
height: 1024
fx: 1083.097046
fy: 1083.097046
cx: 735.996643
cy: 509.437195
