depth_unit: 0.03125
width: 1280
height: 1024
fx: 1083.097046
fy: 1083.097046
cx: 379.326874
cy: 509.437195
baseline: 101.1839
disparity_shift: 0