width: 1280
height: 720
# read from camera
fx: 923.844666
fy: 923.844666
cx: 644.324097
cy: 361.015259
distortion: [0.0, 0.0, 0.0, 0.0, 0.0]

# calibrated using realsense toolbox
# fx: 909.3773280487426
# fy: 909.3773280487426
# cx: 642.9053428238576
# cy: 358.0199195001692
# distortion: [0.1012342177015649, 0.1094909857842104, -0.0005098678031221622, -0.001172143507895601, -1.113179074619399]
