depth_unit: 0.03125
width: 1280
height: 720
fx: 905.905579
fy: 905.905579
cx: 631.507141
cy: 362.560059
baseline: 54.919
disparity_shift: 78